	input	filtered	denoisedF	denoisedR	merged	nochim
M-T1-Rep1	31931	14454	14241	14255	13971	12791
M-T1-Rep2	25325	10237	9767	9704	8725	6736
M-T1-Rep3	44871	26327	25529	25553	23226	20561
M-T1-Rep4	21468	7715	6387	6358	4714	3184
M-T1-Rep5	27148	16325	16151	16159	15802	14978
M-T1-Rep6	176023	25338	24816	24871	23897	21822
M-T5-Rep1	38009	10545	10255	10218	9913	9588
M-T5-Rep2	16815	5979	5000	5037	3720	2584
M-T5-Rep3	18955	7270	6693	6625	5613	4410
M-T5-Rep4	26474	4933	4188	4132	3351	2438
M-T5-Rep5	21406	8786	8064	7995	7022	6019
M-T5-Rep6	16273	5933	5367	5381	4670	3655
M-T9-Rep1	19308	8917	8086	8038	6713	5519
M-T9-Rep2	14419	5414	4373	4335	2943	2006
M-T9-Rep3	11736	4140	3449	3385	2526	1924
M-T9-Rep4	17434	5759	4801	4763	3480	2553
M-T9-Rep5	37008	7946	7471	7454	6693	5887
M-T9-Rep6	54490	8023	7661	7667	7146	6430
MM-T1-Rep1	155616	132101	131857	131891	131475	131174
MM-T1-Rep2	241341	207335	207102	207172	206806	206386
MM-T1-Rep3	160224	136280	136043	136073	135741	135393
MM-T1-Rep4	78789	65836	65624	65655	65413	65213
MM-T1-Rep5	27621	7967	7571	7573	7169	6804
MM-T1-Rep6	25514	13537	12756	12803	11257	10083
MM-T5-Rep1	71497	46144	44866	44925	42756	41004
MM-T5-Rep2	84271	66821	66370	66385	65827	65291
MM-T5-Rep3	301350	247655	246451	246824	244821	243253
MM-T5-Rep4	167134	142705	142544	142546	142425	142202
MM-T5-Rep5	64583	50688	50250	50249	49235	48273
MM-T5-Rep6	27412	9527	9155	9105	8186	6759
MM-T9-Rep1	66235	55892	55720	55724	55539	55367
MM-T9-Rep2	26068	12946	12059	12035	10838	9703
MM-T9-Rep3	30518	5804	5389	5349	4230	2899
MM-T9-Rep4	20381	9113	8322	8341	7057	5873
MM-T9-Rep5	21957	7856	7103	7139	5331	3449
MM-T9-Rep6	178673	152565	152435	152460	152363	152280
MMV-T1-Rep1	43904	28324	28091	28066	27472	26802
MMV-T1-Rep2	258234	219699	219459	219470	219224	219057
MMV-T1-Rep3	78006	65961	65820	65821	65676	65538
MMV-T1-Rep4	25087	4271	3601	3573	2191	1097
MMV-T1-Rep5	31420	15283	14958	14910	14570	14167
MMV-T1-Rep6	92101	77445	77109	77081	76619	76415
MMV-T5-Rep1	29515	23728	23643	23646	23422	23351
MMV-T5-Rep2	36813	26162	25983	25966	25811	25686
MMV-T5-Rep3	41484	4399	3937	3905	3281	2449
MMV-T5-Rep4	126921	36427	36062	35960	34738	32127
MMV-T5-Rep5	54678	27143	25591	25628	22760	20271
MMV-T5-Rep6	18417	7698	6729	6765	5351	3936
MMV-T9-Rep1	17198	5363	4424	4421	3119	1779
MMV-T9-Rep2	40891	14232	12026	12076	6978	2790
MMV-T9-Rep3	31815	6053	5586	5540	4834	4137
MMV-T9-Rep4	44989	19134	16725	16674	12556	8664
MMV-T9-Rep5	41233	16192	14177	14189	10055	6328
MMV-T9-Rep6	26168	3712	3049	2939	1896	961
V-T12-Rep1	16813	7283	6849	6827	5905	5141
V-T12-Rep2	45580	8063	7465	7480	6539	5847
V-T12-Rep3	34497	3855	3478	3454	3009	2509
V-T12-Rep4	170667	25533	24876	24888	23560	19681
V-T12-Rep5	31603	5096	4719	4724	4154	3592
V-T12-Rep6	42424	2525	1970	1999	1638	955
V-T3-Rep1	27643	15999	15220	15277	14468	13932
V-T3-Rep2	19923	8516	7339	7229	5840	4630
V-T3-Rep3	18740	7189	6547	6512	5552	4469
V-T3-Rep4	21575	5682	4660	4613	3365	1953
V-T3-Rep5	12516	4215	3226	3227	2374	1468
V-T3-Rep6	32865	21044	20639	20640	20209	19524
V-T8-Rep1	13484	5595	5024	4997	4419	3918
V-T8-Rep2	15472	7004	6522	6469	5813	5257
V-T8-Rep3	45920	16541	15679	15491	13818	10624
V-T8-Rep4	17522	5709	4856	4868	3817	2563
V-T8-Rep5	30408	11593	9346	9309	5134	2214
V-T8-Rep6	26905	5582	5081	5075	4554	3603
VM-T12-Rep1	27371	21505	21265	21261	20950	20739
VM-T12-Rep2	18813	11674	11316	11335	11030	10654
VM-T12-Rep3	161212	139566	139479	139511	139440	139402
VM-T12-Rep4	213346	181935	181797	181820	181653	181533
VM-T12-Rep5	29317	4735	4352	4330	3873	3335
VM-T12-Rep6	18345	8124	7695	7662	6554	5593
VM-T3-Rep1	163746	140890	140819	140836	140766	140726
VM-T3-Rep2	202579	174809	174719	174755	174673	174625
VM-T3-Rep3	382733	325024	324475	324470	322863	321944
VM-T3-Rep4	182671	156342	156165	156190	155994	155874
VM-T3-Rep5	34776	6178	5543	5448	4308	3287
VM-T3-Rep6	100859	35418	34496	34475	33322	31771
VM-T8-Rep1	51587	37602	36998	37020	36588	36187
VM-T8-Rep2	90688	77129	76907	76911	76655	76397
VM-T8-Rep3	158357	137161	136901	136946	136766	136545
VM-T8-Rep4	300717	250751	249605	249674	248431	247378
VM-T8-Rep5	189045	162415	162220	162267	162094	161958
VM-T8-Rep6	157179	135345	135095	135145	134943	134778
VMV-T12-Rep1	20827	7142	6269	6256	4598	3065
VMV-T12-Rep2	79440	59653	59256	59213	58275	57033
VMV-T12-Rep3	82759	69542	69187	69178	68723	68457
VMV-T12-Rep4	88434	76059	75996	76012	75902	75875
VMV-T12-Rep5	29317	5209	4536	4502	3339	1957
VMV-T12-Rep6	79633	68389	68259	68291	68181	68127
VMV-T3-Rep1	286403	246966	246786	246843	246631	246523
VMV-T3-Rep2	64613	2457	2130	2103	1853	1420
VMV-T3-Rep3	160109	133854	133361	133356	132700	132235
VMV-T3-Rep4	22963	7075	6172	6072	4708	3021
VMV-T3-Rep5	67775	20402	19522	19457	15041	10640
VMV-T3-Rep6	84010	59036	57890	57932	56304	55227
VMV-T8-Rep1	246247	203577	202618	202656	200894	199453
VMV-T8-Rep2	18969	7437	6153	6111	4122	2644
VMV-T8-Rep3	172071	146520	146205	146246	145998	145860
VMV-T8-Rep4	111156	94188	93682	93745	93322	92991
VMV-T8-Rep5	43306	2676	2190	2178	1701	990
VMV-T8-Rep6	21436	6409	5695	5709	4481	2953
